--------------------new test---------------------
Instance : AGUCGUAGUCGCGCGCGCUA
(1,1,0,0,0,0,0,0,0,0,0,0,0,0,0,0,0,0,1,0,),
(1,0,1,0,0,0,0,0,0,0,0,0,0,0,0,0,0,1,0,0,),
(0,1,0,1,0,0,0,0,0,0,0,0,0,0,0,0,0,0,0,0,),
(0,0,1,0,1,0,0,0,0,0,0,0,0,0,0,0,1,0,0,0,),
(0,0,0,1,0,1,0,0,0,0,0,0,0,0,0,1,0,0,0,0,),
(0,0,0,0,1,0,1,0,0,0,0,0,0,0,0,0,0,0,0,0,),
(0,0,0,0,0,1,0,1,0,0,0,0,0,0,0,0,0,0,0,0,),
(0,0,0,0,0,0,1,0,1,0,0,0,0,1,0,0,0,0,0,0,),
(0,0,0,0,0,0,0,1,0,1,0,0,0,0,0,0,0,0,0,0,),
(0,0,0,0,0,0,0,0,1,0,1,0,0,0,0,0,0,0,0,0,),
(0,0,0,0,0,0,0,0,0,1,0,1,0,0,0,0,0,0,0,0,),
(0,0,0,0,0,0,0,0,0,0,1,0,1,0,0,0,0,0,0,0,),
(0,0,0,0,0,0,0,0,0,0,0,1,0,1,0,0,0,0,0,0,),
(0,0,0,0,0,0,0,1,0,0,0,0,1,0,1,0,0,0,0,0,),
(0,0,0,0,0,0,0,0,0,0,0,0,0,1,0,1,0,0,0,0,),
(0,0,0,0,1,0,0,0,0,0,0,0,0,0,1,0,1,0,0,0,),
(0,0,0,1,0,0,0,0,0,0,0,0,0,0,0,1,0,1,0,0,),
(0,1,0,0,0,0,0,0,0,0,0,0,0,0,0,0,1,0,1,0,),
(1,0,0,0,0,0,0,0,0,0,0,0,0,0,0,0,0,1,0,1,),
(0,0,0,0,0,0,0,0,0,0,0,0,0,0,0,0,0,0,1,0,),

-------------------------------------------------

--------------------new test---------------------
Instance : CAUCUGUCGUCG
(1,1,0,0,0,0,0,0,0,0,0,1,),
(1,0,1,0,0,0,0,0,0,1,0,0,),
(0,1,0,1,0,0,0,0,0,0,0,0,),
(0,0,1,0,1,0,0,0,1,0,0,0,),
(0,0,0,1,0,1,0,0,0,0,0,0,),
(0,0,0,0,1,0,1,0,0,0,0,0,),
(0,0,0,0,0,1,0,1,0,0,0,0,),
(0,0,0,0,0,0,1,0,1,0,0,0,),
(0,0,0,1,0,0,0,1,0,1,0,0,),
(0,1,0,0,0,0,0,0,1,0,1,0,),
(0,0,0,0,0,0,0,0,0,1,0,1,),
(1,0,0,0,0,0,0,0,0,0,1,0,),

-------------------------------------------------

--------------------new test---------------------
Instance : AGUCGUAGUCGCGCGCGCUA
(1,1,0,0,0,0,0,0,0,0,0,0,0,0,0,0,0,0,1,0,),
(1,0,1,0,0,0,0,0,0,0,0,0,0,0,0,0,0,1,0,0,),
(0,1,0,1,0,0,0,0,0,0,0,0,0,0,0,0,0,0,0,0,),
(0,0,1,0,1,0,0,0,0,0,0,0,0,0,0,0,1,0,0,0,),
(0,0,0,1,0,1,0,0,0,0,0,0,0,0,0,1,0,0,0,0,),
(0,0,0,0,1,0,1,0,0,0,0,0,0,0,0,0,0,0,0,0,),
(0,0,0,0,0,1,0,1,0,0,0,0,0,0,0,0,0,0,0,0,),
(0,0,0,0,0,0,1,0,1,0,0,0,0,1,0,0,0,0,0,0,),
(0,0,0,0,0,0,0,1,0,1,0,0,0,0,0,0,0,0,0,0,),
(0,0,0,0,0,0,0,0,1,0,1,0,0,0,0,0,0,0,0,0,),
(0,0,0,0,0,0,0,0,0,1,0,1,0,0,0,0,0,0,0,0,),
(0,0,0,0,0,0,0,0,0,0,1,0,1,0,0,0,0,0,0,0,),
(0,0,0,0,0,0,0,0,0,0,0,1,0,1,0,0,0,0,0,0,),
(0,0,0,0,0,0,0,1,0,0,0,0,1,0,1,0,0,0,0,0,),
(0,0,0,0,0,0,0,0,0,0,0,0,0,1,0,1,0,0,0,0,),
(0,0,0,0,1,0,0,0,0,0,0,0,0,0,1,0,1,0,0,0,),
(0,0,0,1,0,0,0,0,0,0,0,0,0,0,0,1,0,1,0,0,),
(0,1,0,0,0,0,0,0,0,0,0,0,0,0,0,0,1,0,1,0,),
(1,0,0,0,0,0,0,0,0,0,0,0,0,0,0,0,0,1,0,1,),
(0,0,0,0,0,0,0,0,0,0,0,0,0,0,0,0,0,0,1,0,),

-------------------------------------------------

--------------------new test---------------------
Instance : CAUCUGUCGUCG
(0,1,0,0,0,0,0,0,0,0,0,1,),
(1,0,1,0,0,0,0,0,0,1,0,0,),
(0,1,0,1,0,0,0,0,0,0,0,0,),
(0,0,1,0,1,0,0,0,1,0,1,0,),
(0,0,0,1,0,1,0,0,0,0,0,0,),
(0,0,0,0,1,0,1,0,0,0,0,0,),
(0,0,0,0,0,1,0,1,0,0,0,0,),
(0,0,0,0,0,0,1,0,1,0,0,0,),
(0,0,0,1,0,0,0,1,0,1,0,0,),
(0,1,0,0,0,0,0,0,1,0,1,0,),
(0,0,0,1,0,0,0,0,0,1,0,1,),
(1,0,0,0,0,0,0,0,0,0,1,0,),

-------------------------------------------------

