--------------------new test---------------------
Instance : AGUCGUAGUCGCGCGCGCUA
Optimum value : 5
Memoization Table : 

0 0 0 0 0 1 1 1 1 1 2 3 3 3 3 3 3 4 5 5 
0 0 0 0 0 0 0 0 0 1 2 3 3 3 3 3 3 4 4 5 
0 0 0 0 0 0 0 0 0 1 2 2 2 2 2 2 3 3 4 5 
0 0 0 0 0 0 0 0 0 1 2 2 2 2 2 2 3 3 4 5 
0 0 0 0 0 0 0 0 0 1 1 1 1 1 1 2 2 3 4 5 
0 0 0 0 0 0 0 0 0 0 0 0 0 1 1 2 2 3 4 5 
0 0 0 0 0 0 0 0 0 0 0 0 0 1 1 2 2 3 4 4 
0 0 0 0 0 0 0 0 0 0 0 0 0 1 1 2 2 3 3 3 
0 0 0 0 0 0 0 0 0 0 0 0 0 0 1 1 2 2 2 3 
0 0 0 0 0 0 0 0 0 0 0 0 0 0 1 1 2 2 2 2 
0 0 0 0 0 0 0 0 0 0 0 0 0 0 0 1 1 2 2 2 
0 0 0 0 0 0 0 0 0 0 0 0 0 0 0 0 1 1 1 1 
0 0 0 0 0 0 0 0 0 0 0 0 0 0 0 0 0 1 1 1 
0 0 0 0 0 0 0 0 0 0 0 0 0 0 0 0 0 0 0 0 
0 0 0 0 0 0 0 0 0 0 0 0 0 0 0 0 0 0 0 0 
0 0 0 0 0 0 0 0 0 0 0 0 0 0 0 0 0 0 0 0 
0 0 0 0 0 0 0 0 0 0 0 0 0 0 0 0 0 0 0 0 
0 0 0 0 0 0 0 0 0 0 0 0 0 0 0 0 0 0 0 0 
0 0 0 0 0 0 0 0 0 0 0 0 0 0 0 0 0 0 0 0 
0 0 0 0 0 0 0 0 0 0 0 0 0 0 0 0 0 0 0 0 

Time Elapsed : 31.200000 (s).

--------------------new test---------------------
Instance : CAUCUGUCGUCG
Optimum value : 3
Memoization Table : 

0 0 0 0 0 1 1 1 2 2 2 3 
0 0 0 0 0 0 1 1 1 2 2 2 
0 0 0 0 0 0 0 0 1 1 1 2 
0 0 0 0 0 0 0 0 1 1 1 2 
0 0 0 0 0 0 0 0 0 0 1 1 
0 0 0 0 0 0 0 0 0 0 1 1 
0 0 0 0 0 0 0 0 0 0 0 0 
0 0 0 0 0 0 0 0 0 0 0 0 
0 0 0 0 0 0 0 0 0 0 0 0 
0 0 0 0 0 0 0 0 0 0 0 0 
0 0 0 0 0 0 0 0 0 0 0 0 
0 0 0 0 0 0 0 0 0 0 0 0 

Time Elapsed : 0.000000 (s).

--------------------new test---------------------
Instance : AGUCGUAGUCGCGCGCGCUA
Optimum value : 5
Memoization Table : 

0 0 0 0 0 1 1 1 1 1 2 3 3 3 3 3 3 4 5 5 
0 0 0 0 0 0 0 0 0 1 2 3 3 3 3 3 3 4 4 5 
0 0 0 0 0 0 0 0 0 1 2 2 2 2 2 2 3 3 4 5 
0 0 0 0 0 0 0 0 0 1 2 2 2 2 2 2 3 3 4 5 
0 0 0 0 0 0 0 0 0 1 1 1 1 1 1 2 2 3 4 5 
0 0 0 0 0 0 0 0 0 0 0 0 0 1 1 2 2 3 4 5 
0 0 0 0 0 0 0 0 0 0 0 0 0 1 1 2 2 3 4 4 
0 0 0 0 0 0 0 0 0 0 0 0 0 1 1 2 2 3 3 3 
0 0 0 0 0 0 0 0 0 0 0 0 0 0 1 1 2 2 2 3 
0 0 0 0 0 0 0 0 0 0 0 0 0 0 1 1 2 2 2 2 
0 0 0 0 0 0 0 0 0 0 0 0 0 0 0 1 1 2 2 2 
0 0 0 0 0 0 0 0 0 0 0 0 0 0 0 0 1 1 1 1 
0 0 0 0 0 0 0 0 0 0 0 0 0 0 0 0 0 1 1 1 
0 0 0 0 0 0 0 0 0 0 0 0 0 0 0 0 0 0 0 0 
0 0 0 0 0 0 0 0 0 0 0 0 0 0 0 0 0 0 0 0 
0 0 0 0 0 0 0 0 0 0 0 0 0 0 0 0 0 0 0 0 
0 0 0 0 0 0 0 0 0 0 0 0 0 0 0 0 0 0 0 0 
0 0 0 0 0 0 0 0 0 0 0 0 0 0 0 0 0 0 0 0 
0 0 0 0 0 0 0 0 0 0 0 0 0 0 0 0 0 0 0 0 
0 0 0 0 0 0 0 0 0 0 0 0 0 0 0 0 0 0 0 0 

Time Elapsed : 68.538000 (s).

--------------------new test---------------------
Instance : CAUCUGUCGUCG
Optimum value : 3
Memoization Table : 

0 0 0 0 0 1 1 1 2 2 2 3 
0 0 0 0 0 0 1 1 1 2 2 2 
0 0 0 0 0 0 0 0 1 1 1 2 
0 0 0 0 0 0 0 0 1 1 1 2 
0 0 0 0 0 0 0 0 0 0 1 1 
0 0 0 0 0 0 0 0 0 0 1 1 
0 0 0 0 0 0 0 0 0 0 0 0 
0 0 0 0 0 0 0 0 0 0 0 0 
0 0 0 0 0 0 0 0 0 0 0 0 
0 0 0 0 0 0 0 0 0 0 0 0 
0 0 0 0 0 0 0 0 0 0 0 0 
0 0 0 0 0 0 0 0 0 0 0 0 

Time Elapsed : 0.000000 (s).

